Enter message in binary : 
1 1 1 1 1 1 1 1 1 1 1 1 1 1 1 1
1 1 1 1 1 1 1 1 1 1 1 1 1 1 1 1
1 1 1 1 1 1 1 1 1 1 1 1 1 1 1 1
1 1 1 1 1 1 1 1 1 1 1 1 1 1 1 1

Enter the key in binary : 
1 1 1 1 1 1 1 1 1 1 1 1 1 1 1 1
1 1 1 1 1 1 1 1 1 1 1 1 1 1 1 1
1 1 1 1 1 1 1 1 1 1 1 1 1 1 1 1
1 1 1 1 1 1 1 1 1 1 1 1 1 1 1 1
1 1 1 1 1 1 1 1 1 1 1 1 1 1 1 1

-----------------------------------------

Round : 0

State : 
0 0 0 0 0 0 0 0 0 0 0 0 0 0 0 0 
1 1 1 1 1 1 1 1 1 1 1 1 1 1 1 1 
1 1 1 1 1 1 1 1 1 1 1 1 1 1 1 1 
0 0 0 0 0 0 0 0 0 0 0 0 0 0 0 0 

Key : 
0 0 0 0 1 1 1 1 0 0 0 0 0 0 0 1 
1 1 1 1 1 1 1 1 1 1 1 1 0 0 0 0 
1 1 1 1 1 1 1 1 1 1 1 1 0 0 0 0 
1 1 1 1 0 0 0 0 0 0 0 0 0 0 0 0 
1 1 1 1 1 1 1 1 1 1 1 1 0 0 0 0 

-----------------------------------------
-----------------------------------------

Round : 1

State : 
1 1 1 1 1 1 1 1 0 0 0 0 1 1 1 1 
1 1 1 0 0 0 0 1 1 1 1 1 1 1 0 1 
1 1 1 0 0 0 0 0 1 1 1 1 1 1 1 1 
0 0 1 1 1 1 1 0 0 0 0 0 0 0 0 0 

Key : 
1 1 1 1 1 1 1 0 1 1 1 1 0 0 1 1 
1 1 1 1 1 1 1 1 1 1 1 1 1 1 1 1 
1 1 1 1 0 0 0 0 0 0 0 0 0 0 0 0 
1 1 1 1 0 0 0 0 1 1 1 1 0 0 0 0 
0 0 0 0 1 1 1 1 0 0 0 0 0 0 0 1 

-----------------------------------------
-----------------------------------------

Round : 2

State : 
1 1 0 1 1 1 1 1 1 1 1 1 0 0 1 1 
1 1 1 1 1 1 0 1 1 1 1 1 1 1 0 1 
1 1 1 0 0 0 1 1 0 0 0 1 1 1 1 1 
1 0 0 1 1 0 0 0 0 0 0 1 1 1 1 1 

Key : 
0 0 0 0 1 1 1 1 0 0 0 0 1 0 0 1 
1 1 1 1 0 0 0 0 0 0 0 0 1 1 0 0 
1 1 1 1 0 0 0 0 1 1 1 1 1 1 1 1 
1 1 1 1 0 0 0 0 0 0 0 0 1 1 1 0 
1 1 1 1 1 1 1 0 1 1 1 1 0 0 0 0 

-----------------------------------------
-----------------------------------------

Round : 3

State : 
1 0 1 0 1 0 1 1 1 1 1 1 1 0 1 1 
0 1 1 1 0 0 1 0 0 0 0 0 1 0 1 0 
1 1 1 0 1 0 0 1 0 1 0 1 0 0 0 1 
0 0 0 0 0 1 1 0 1 0 0 1 1 1 1 0 

Key : 
1 1 1 1 0 0 0 0 0 0 0 0 1 1 1 1 
1 1 1 1 0 0 0 0 1 1 1 1 0 1 0 1 
1 1 1 1 0 0 0 0 0 0 0 0 0 0 1 1 
1 1 0 0 0 0 0 1 1 1 1 1 0 0 0 0 
0 0 0 0 1 1 1 1 0 0 0 0 0 0 0 0 

-----------------------------------------
-----------------------------------------

Round : 4

State : 
1 0 0 0 0 1 1 1 0 0 1 1 1 1 0 0 
0 1 1 1 1 0 1 1 1 0 0 1 0 0 0 1 
0 1 1 1 0 0 1 1 1 0 1 1 0 0 1 0 
1 0 1 0 0 0 1 1 1 1 1 1 0 1 1 0 

Key : 
1 1 1 1 1 0 0 1 0 0 0 1 0 1 0 0 
1 1 1 1 0 0 0 0 0 0 0 0 1 0 1 0 
1 1 0 0 0 0 0 1 1 1 1 1 0 1 1 1 
0 1 1 1 0 0 1 1 0 0 0 1 1 1 1 1 
1 1 1 1 0 0 0 0 0 0 0 0 1 0 0 1 

-----------------------------------------
-----------------------------------------

Round : 5

State : 
0 0 0 1 0 1 1 0 1 0 0 0 1 1 0 0 
0 1 1 1 0 0 0 1 0 0 0 0 0 0 0 0 
1 0 1 1 1 0 1 1 0 1 0 1 0 0 0 1 
0 1 0 0 0 1 1 1 0 1 1 0 1 0 1 1 

Key : 
1 1 1 0 1 1 0 0 1 1 1 1 0 0 0 0 
1 1 0 0 0 0 0 1 1 1 1 1 0 1 1 0 
0 1 1 1 0 0 1 1 0 0 0 1 0 1 0 1 
1 0 1 0 0 1 1 1 0 0 1 1 1 0 0 0 
1 1 1 1 1 0 0 1 0 0 0 1 1 1 0 0 

-----------------------------------------
-----------------------------------------

Round : 6

State : 
0 1 1 0 0 0 1 0 0 0 0 1 1 1 1 1 
1 0 1 1 1 0 1 0 1 1 0 0 0 1 1 1 
1 0 0 0 0 1 1 0 1 1 1 1 1 0 0 1 
1 0 1 0 1 1 1 1 0 0 0 1 0 1 1 0 

Key : 
0 0 1 1 1 1 0 0 0 0 0 1 1 0 1 1 
0 1 1 1 0 0 1 1 0 0 0 1 0 1 1 0 
1 0 1 0 0 1 1 1 0 0 1 1 1 0 1 0 
0 1 0 1 0 0 1 1 0 1 1 0 1 1 1 1 
1 1 1 0 1 1 0 0 1 1 1 1 1 1 0 1 

-----------------------------------------
-----------------------------------------

Round : 7

State : 
1 1 0 0 1 0 1 1 1 0 1 1 1 1 1 0 
0 0 0 0 0 0 1 1 0 1 1 1 0 0 0 1 
0 1 0 1 0 1 0 0 1 0 1 1 1 1 0 0 
0 0 0 0 1 1 0 1 0 0 0 0 0 1 0 1 

Key : 
0 1 1 0 1 1 1 1 0 0 1 1 0 1 0 0 
1 0 1 0 0 1 1 1 0 0 1 1 1 0 0 0 
0 1 0 1 0 0 1 1 0 1 1 0 1 0 0 0 
0 1 1 0 1 0 0 1 1 1 0 0 1 0 1 1 
0 0 1 1 1 1 0 0 0 0 0 1 1 1 0 0 

-----------------------------------------
-----------------------------------------

Round : 8

State : 
0 1 1 0 0 0 1 1 1 0 0 1 1 0 0 0 
1 0 1 1 1 0 0 1 0 1 0 0 0 0 0 1 
1 0 0 1 0 0 1 1 1 0 0 0 1 1 1 0 
1 0 1 1 1 1 0 0 0 0 0 1 0 0 0 1 

Key : 
1 0 0 1 0 0 0 0 0 1 0 1 0 0 0 0 
0 1 0 1 0 0 1 1 0 1 1 0 1 1 0 0 
0 1 1 0 1 0 0 1 1 1 0 0 0 0 1 1 
0 0 0 0 1 0 1 0 1 0 0 0 0 0 0 0 
0 1 1 0 1 1 1 1 0 0 1 1 0 1 1 1 

-----------------------------------------
-----------------------------------------

Round : 9

State : 
0 1 0 1 1 1 0 1 0 0 0 1 1 1 0 0 
0 1 1 1 1 1 0 0 1 0 1 0 1 1 0 1 
0 1 1 1 0 0 0 1 1 0 0 1 0 1 1 0 
0 0 0 0 1 0 1 0 1 0 0 0 1 1 1 1 

Key : 
0 0 0 0 0 0 0 0 1 1 1 0 1 0 0 1 
0 1 1 0 1 0 0 1 1 1 0 0 1 1 0 0 
0 0 0 0 1 0 1 0 1 0 0 0 1 1 0 0 
1 0 1 0 1 1 1 1 1 0 0 1 1 1 1 1 
1 0 0 1 0 0 0 0 0 1 0 1 0 0 1 1 

-----------------------------------------
-----------------------------------------

Round : 10

State : 
1 0 0 1 0 1 1 0 1 0 0 1 1 1 1 0 
1 0 0 1 0 0 1 0 1 1 1 0 0 0 1 1 
0 1 0 0 0 1 0 0 1 1 0 0 1 0 0 1 
0 0 1 1 1 1 1 1 1 0 0 0 1 1 1 0 

Key : 
1 0 0 0 1 0 1 1 1 1 0 1 1 0 0 1 
0 0 0 0 1 0 1 0 1 0 0 0 0 1 0 0 
1 0 1 0 1 1 1 1 1 0 0 1 0 0 1 0 
1 0 1 1 1 0 1 0 1 0 1 0 1 0 1 0 
0 0 0 0 0 0 0 0 1 1 1 0 0 0 1 0 

-----------------------------------------
-----------------------------------------

Round : 11

State : 
0 1 1 0 1 0 1 1 0 1 1 1 1 1 1 1 
0 0 1 0 0 0 1 1 0 1 0 0 0 0 0 0 
0 1 0 0 1 0 0 0 0 0 0 1 1 0 0 0 
1 1 1 0 0 0 1 1 0 0 1 0 1 0 0 0 

Key : 
1 1 0 1 1 0 1 1 0 0 0 0 1 1 0 0 
1 0 1 0 1 1 1 1 1 0 0 1 0 1 0 1 
1 0 1 1 1 0 1 0 1 0 1 0 0 1 1 0 
0 1 1 0 1 0 1 1 0 1 0 0 1 0 0 0 
1 0 0 0 1 0 1 1 1 1 0 1 0 0 0 1 

-----------------------------------------
-----------------------------------------

Round : 12

State : 
0 1 0 0 1 0 1 0 1 1 1 1 1 1 0 0 
0 1 1 1 0 0 1 1 0 1 0 0 1 1 1 1 
0 1 1 0 0 0 1 1 0 1 0 1 1 1 1 0 
0 1 1 0 0 1 1 0 1 0 0 0 1 1 1 0 

Key : 
1 0 1 0 1 0 0 1 0 1 0 0 0 1 0 0 
1 0 1 1 1 0 1 0 1 0 1 0 0 0 0 1 
0 1 1 0 1 0 1 1 0 1 0 0 0 1 0 1 
1 1 0 1 1 1 0 1 0 1 1 0 0 1 0 1 
1 1 0 1 1 0 1 1 0 0 0 0 0 1 1 0 

-----------------------------------------
-----------------------------------------

Round : 13

State : 
1 0 0 1 0 0 0 1 1 1 1 0 0 0 0 0 
1 0 1 0 1 0 0 0 1 0 1 1 0 0 0 0 
0 1 1 0 1 0 0 0 1 1 0 1 1 0 1 1 
1 0 1 1 1 0 1 0 0 0 1 1 0 1 1 0 

Key : 
1 1 1 1 1 1 1 0 0 0 0 1 1 0 0 0 
0 1 1 0 1 0 1 1 0 1 0 0 1 1 1 1 
1 1 0 1 1 1 0 1 0 1 1 0 0 1 0 0 
1 0 0 1 0 1 1 0 1 1 0 1 0 0 0 0 
1 0 1 0 1 0 0 1 0 1 0 0 0 1 0 0 

-----------------------------------------
-----------------------------------------

Round : 14

State : 
1 0 1 1 0 1 0 1 0 1 0 1 1 0 0 1 
1 1 0 0 1 1 0 1 0 1 0 0 0 0 1 1 
0 1 1 1 1 0 1 0 0 1 0 0 0 1 0 0 
0 0 0 0 1 1 0 0 1 1 1 0 1 0 1 1 

Key : 
0 1 1 1 1 1 1 1 1 0 1 0 1 1 0 0 
1 1 0 1 1 1 0 1 0 1 1 0 0 1 1 1 
1 0 0 1 0 1 1 0 1 1 0 1 1 0 1 1 
0 0 0 1 0 0 0 0 0 0 1 0 1 0 0 1 
1 1 1 1 1 1 1 0 0 0 0 1 0 1 0 0 

-----------------------------------------
-----------------------------------------

Round : 15

State : 
0 0 1 1 1 0 1 0 1 0 0 0 1 1 0 0 
1 0 1 1 0 0 1 1 0 1 1 0 0 0 1 1 
0 0 0 1 1 1 0 0 1 0 1 1 1 0 0 1 
1 1 1 1 1 0 0 1 1 0 0 1 0 1 1 0 

Key : 
0 1 1 1 0 1 1 1 0 0 0 0 1 1 0 1 
1 0 0 1 0 1 1 0 1 1 0 1 1 0 1 1 
0 0 0 1 0 0 0 0 0 0 1 0 1 1 0 0 
0 0 1 1 1 1 1 1 0 0 0 1 0 1 1 0 
0 1 1 1 1 1 1 1 1 0 1 0 1 0 1 0 

-----------------------------------------
-----------------------------------------

Round : 16

State : 
1 0 0 0 0 0 1 0 0 0 0 1 0 1 0 0 
0 0 1 1 1 1 1 1 1 0 1 0 0 1 1 1 
1 0 1 1 0 0 1 1 1 0 0 0 0 1 1 1 
0 0 1 1 0 1 0 1 0 1 1 0 0 1 0 1 

Key : 
1 0 0 1 1 0 0 0 1 0 1 1 1 0 0 0 
0 0 0 1 0 0 0 0 0 0 1 0 0 1 0 0 
0 0 1 1 1 1 1 1 0 0 0 1 1 1 0 1 
1 0 1 0 1 1 0 0 0 1 0 1 1 0 1 1 
0 1 1 1 0 1 1 1 0 0 0 0 1 1 1 0 

-----------------------------------------
-----------------------------------------

Round : 17

State : 
0 0 0 0 0 1 0 1 1 0 0 0 1 0 0 0 
1 0 0 1 1 1 1 0 1 0 0 1 0 0 0 0 
1 0 1 1 0 1 1 0 0 1 0 0 0 1 0 0 
0 0 1 1 0 1 0 0 0 1 0 1 0 0 1 1 

Key : 
1 0 1 0 1 1 1 0 1 0 1 0 0 1 1 1 
0 0 1 1 1 1 1 1 0 0 0 1 1 1 0 0 
1 0 1 0 1 1 0 0 0 1 0 1 1 0 1 1 
1 1 0 0 1 1 0 1 1 1 0 0 1 0 1 1 
1 0 0 1 1 0 0 0 1 0 1 1 1 1 1 0 

-----------------------------------------
-----------------------------------------

Round : 18

State : 
1 1 1 0 1 0 0 1 1 0 1 0 0 1 0 0 
1 0 0 1 1 1 0 1 1 0 0 1 0 1 1 0 
0 0 1 1 1 0 1 0 1 1 1 1 0 1 1 0 
1 1 1 1 1 1 1 1 0 1 1 0 0 0 1 0 

Key : 
1 0 0 1 1 1 0 0 1 0 1 1 1 0 1 0 
1 0 1 0 1 1 0 0 0 1 0 1 1 0 1 1 
1 1 0 0 1 1 0 1 1 1 0 0 0 1 1 1 
1 1 1 0 0 1 0 0 0 1 1 0 0 0 1 0 
1 0 1 0 1 1 1 0 1 0 1 0 0 0 1 1 

-----------------------------------------
-----------------------------------------

Round : 19

State : 
1 0 1 0 1 0 0 0 0 0 1 0 0 0 1 1 
1 0 1 1 1 0 1 0 0 0 1 1 1 0 1 0 
0 0 1 1 0 1 0 0 0 1 0 0 1 1 0 1 
1 0 0 0 1 1 0 1 1 1 0 1 1 0 1 1 

Key : 
0 0 0 1 1 0 0 1 1 1 0 0 0 0 0 1 
1 1 0 0 1 1 0 1 1 1 0 0 0 0 0 1 
1 1 1 0 0 1 0 0 0 1 1 0 1 0 0 0 
0 0 1 0 0 0 0 0 1 1 1 0 0 1 0 1 
1 0 0 1 1 1 0 0 1 0 1 1 0 1 0 1 

-----------------------------------------
-----------------------------------------

Round : 20

State : 
1 1 1 1 1 1 0 1 0 0 0 1 1 0 1 1 
1 0 0 1 1 0 0 1 1 1 1 1 0 0 1 1 
0 0 1 1 1 1 1 0 0 0 1 1 0 0 0 0 
1 1 0 1 0 1 1 1 0 1 1 1 1 0 0 0 

Key : 
0 0 0 0 0 0 0 0 1 1 0 1 0 0 1 0 
1 1 1 0 0 1 0 0 0 1 1 0 0 0 1 1 
0 0 1 0 0 0 0 0 1 1 1 0 0 1 0 1 
1 1 0 0 1 1 1 0 1 0 1 1 1 0 1 1 
0 0 0 1 1 0 0 1 1 1 0 0 1 1 0 1 

-----------------------------------------
-----------------------------------------

Round : 21

State : 
1 0 0 0 0 1 1 1 0 1 0 1 1 1 1 1 
1 1 1 1 0 0 0 1 1 1 1 0 0 1 1 0 
1 0 0 1 1 0 0 0 0 0 0 1 0 1 1 1 
0 1 1 0 1 1 0 0 1 0 1 0 1 0 0 0 

Key : 
0 0 1 1 1 0 1 0 0 1 1 1 0 0 1 1 
0 0 1 0 0 0 0 0 1 1 1 0 0 0 1 1 
1 1 0 0 1 1 1 0 1 0 1 1 1 0 1 0 
1 0 1 1 0 1 0 1 0 0 1 0 0 1 1 0 
0 0 0 0 0 0 0 0 1 1 0 1 1 1 1 0 

-----------------------------------------
-----------------------------------------

Round : 22

State : 
1 0 1 0 0 0 1 1 0 0 0 0 1 0 1 1 
0 0 1 0 1 0 0 0 1 1 1 1 1 1 1 0 
1 0 0 1 1 1 1 0 0 1 0 1 0 1 1 1 
0 1 0 1 0 0 0 0 1 0 1 1 0 1 0 1 

Key : 
0 1 0 1 1 1 0 0 1 1 0 0 1 0 1 0 
1 1 0 0 1 1 1 0 1 0 1 1 0 0 0 0 
1 0 1 1 0 1 0 1 0 0 1 0 0 1 0 1 
0 1 0 1 1 0 1 1 1 0 0 0 1 1 0 0 
0 0 1 1 1 0 1 0 0 1 1 1 1 1 0 0 

-----------------------------------------
-----------------------------------------

Round : 23

State : 
0 0 1 1 1 0 0 1 1 1 0 0 1 0 1 0 
1 0 0 1 1 1 1 0 0 0 0 1 0 1 0 1 
0 1 1 0 0 0 0 1 1 0 0 1 1 0 0 0 
1 0 0 1 1 1 0 1 1 0 1 0 1 1 1 0 

Key : 
0 0 0 0 1 1 0 1 1 1 1 0 0 0 1 0 
1 0 1 1 0 1 0 1 0 0 1 0 0 0 1 0 
0 1 0 1 1 0 1 1 1 0 0 0 0 1 0 0 
0 1 1 1 1 1 1 1 1 1 0 0 0 1 0 0 
0 1 0 1 1 1 0 0 1 1 0 0 0 0 1 1 

-----------------------------------------
-----------------------------------------

Round : 24

State : 
1 1 0 0 1 1 0 0 0 1 1 1 1 1 1 0 
1 1 1 1 0 0 0 1 1 0 1 1 1 1 0 1 
1 1 0 1 0 0 0 1 1 1 1 1 1 0 1 1 
0 0 1 1 1 0 1 0 0 0 1 0 1 1 0 1 

Key : 
0 1 0 1 0 1 0 1 0 0 1 1 1 0 1 1 
0 1 0 1 1 0 1 1 1 0 0 0 1 0 0 1 
0 1 1 1 1 1 1 1 1 1 0 0 0 1 1 0 
0 0 1 1 1 0 1 1 0 0 1 1 1 1 1 1 
0 0 0 0 1 1 0 1 1 1 1 0 0 0 0 0 

-----------------------------------------


Final State :
1 0 0 1 1 0 0 1 0 1 0 0 0 1 0 1 
1 0 1 0 1 0 1 0 0 0 1 1 0 1 0 0 
1 0 1 0 1 1 1 0 0 0 1 1 1 1 0 1 
0 0 0 0 0 0 0 1 0 0 0 1 0 0 1 0 

